777
744
911
169
390
981
631
502
266
973
182
424
372
369
243
660
549
714
569
815
563
705
680
696
692
473
500
176
521
914
280
702
39
531
100
50
97
698
915
456
454
442
86
420
975
720
508
685
58
75
747
380
610
996
386
299
124
516
613
958
828
193
818
759
651
152
379
284
922
965
275
118
598
980
345
256
178
393
161
53
436
597
750
930
136
812
645
191
592
721
63
265
116
218
51
735
693
652
956
328
94
229
85
24
654
305
314
400
986
940
358
449
584
240
511
673
172
491
730
7
590
439
870
876
562
414
966
21
567
675
163
155
955
200
302
612
253
729
913
316
276
781
446
626
388
807
961
946
829
235
658
486
824
628
522
238
836
359
402
484
768
403
674
84
717
457
907
501
37
827
181
134
933
957
120
215
135
228
6
