170
88
355
527
755
173
995
141
389
262
817
105
799
215
232
793
351
266
503
656
433
830
253
989
668
190
407
1
827
153
701
961
607
208
735
117
976
422
666
824
644
659
947
321
21
757
682
116
53
673
348
211
790
569
531
771
143
11
493
69
884
534
106
359
942
500
847
362
876
410
590
576
275
463
339
272
323
851
568
281
477
23
85
233
849
258
549
683
637
606
160
101
913
948
252
742
954
804
583
284
168
565
515
896
882
519
895
620
77
255
345
888
16
526
251
4
781
540
919
612
922
257
593
822
94
703
372
641
150
391
494
825
518
60
831
766
646
908
167
496
909
536
62
312
428
353
283
685
711
732
241
578
9
499
82
469
59
397
294
756
363
135
814
411
932
636
924
933
784
119
920
797
285
887
749
676
829
746
132
596
