655
0
108
589
131
444
388
313
297
572
202
65
754
611
621
931
61
837
763
455
616
566
550
440
770
890
159
879
83
197
730
880
642
343
787
247
399
412
871
401
194
844
692
484
413
973
833
439
495
22
182
221
406
289
110
806
638
245
377
63
798
435
528
267
137
677
539
26
350
218
497
812
854
808
802
734
645
970
443
301
427
840
728
2
51
857
921
305
691
347
460
73
27
535
148
55
632
715
602
992
425
560
28
785
800
680
333
783
246
183
109
3
157
30
175
946
777
889
79
905
821
838
264
751
542
681
736
474
432
154
967
624
180
826
144
472
201
115
819
92
429
320
820
177
114
243
373
546
414
210
450
562
240
66
721
671
957
70
772
573
810
322
459
42
903
630
242
974
145
319
700
276
530
925
981
664
731
24
741
234
714
950
39
402
743
314
975
939
994
473
956
279
869
142
365
