307
676
485
844
940
765
779
812
721
626
809
120
421
662
750
80
640
202
703
747
384
229
212
996
718
794
573
869
251
655
953
866
33
391
474
6
472
586
13
641
911
93
682
646
109
620
967
906
51
101
683
265
410
456
597
852
642
843
771
5
875
432
917
700
931
878
35
895
488
610
221
647
514
414
444
670
527
37
960
345
769
479
186
796
913
65
23
451
71
966
430
752
321
625
853
839
857
201
53
930
786
471
293
305
354
576
674
357
393
74
17
343
413
507
32
675
314
630
502
76
388
62
722
847
114
833
18
509
4
774
378
942
257
923
562
763
742
952
412
99
236
138
998
423
908
263
799
205
379
437
532
873
8
340
364
565
179
92
637
582
246
525
571
521
795
328
447
383
457
723
534
590
436
622
793
168
897
935
687
478
887
108
440
515
149
405
334
494
148
901
220
945
790
767
814
371
169
286
94
496
288
362
727
792
725
452
569
706
96
219
254
291
322
302
