338
286
827
915
878
778
820
906
499
199
976
470
476
247
997
788
718
487
368
73
259
564
367
310
644
962
966
196
610
662
358
209
802
636
768
904
809
184
335
398
445
239
526
776
803
634
74
285
228
108
977
870
339
413
0
489
647
898
67
220
716
938
837
883
549
90
691
547
17
663
458
414
269
719
916
708
890
144
561
217
575
946
340
64
873
760
21
589
542
555
984
334
528
939
193
10
840
111
337
991
104
29
262
290
485
736
157
764
942
298
586
229
624
320
103
65
780
61
537
123
423
853
593
752
182
615
838
143
387
533
773
703
154
709
412
928
743
567
55
309
706
23
529
638
926
514
446
681
940
462
32
685
495
988
232
362
110
83
553
605
113
987
658
46
909
346
494
627
7
59
167
722
356
545
923
