144
745
979
718
858
549
806
811
807
526
315
690
700
541
291
558
575
743
188
358
465
689
473
813
126
232
117
438
894
919
316
206
162
649
833
693
786
962
830
519
113
984
62
331
633
702
653
255
399
175
272
129
636
935
660
413
488
697
878
367
103
71
656
489
902
994
516
866
504
229
752
802
433
931
14
397
75
734
506
757
97
761
694
985
288
706
176
615
823
553
856
121
777
497
643
993
220
800
726
569
263
606
234
1
275
477
24
687
444
798
819
505
428
53
474
570
131
672
681
292
880
178
746
533
414
374
809
805
202
194
750
205
719
573
161
80
96
865
583
655
781
143
309
484
941
311
939
525
160
333
801
639
995
589
861
430
584
756
911
319
901
338
900
136
591
135
704
958
91
310
539
240
410
814
149
51
345
673
221
619
906
450
585
