21
19
784
235
58
744
569
426
276
542
580
332
393
931
30
750
827
530
521
621
562
598
14
960
193
853
42
634
442
453
959
616
329
836
786
678
501
347
541
722
511
662
260
167
57
382
503
711
617
884
529
373
486
231
765
630
69
640
115
855
590
430
540
204
577
676
433
513
467
399
991
714
280
183
798
284
911
53
455
404
819
346
549
830
494
268
273
695
229
874
685
720
361
28
145
871
87
724
108
629
458
369
825
673
653
16
490
261
516
85
422
913
300
947
159
452
342
256
872
126
428
79
527
225
285
94
688
813
272
934
831
623
863
60
80
533
408
237
515
556
40
398
0
572
100
132
564
739
504
525
659
249
810
416
624
635
254
957
547
658
427
165
269
741
456
386
647
878
378
588
