686
768
295
350
275
108
182
585
183
915
767
367
298
296
551
353
490
332
263
294
718
779
232
501
178
863
747
7
146
810
984
934
950
696
291
567
102
953
641
799
968
300
497
707
198
603
969
719
642
139
662
856
557
584
606
903
788
887
628
44
130
411
973
338
610
324
738
397
680
417
372
78
554
133
537
366
894
31
741
986
682
965
132
428
223
442
471
895
529
450
571
257
695
385
277
791
189
241
369
256
261
600
174
13
615
907
452
679
379
583
770
206
843
34
708
35
421
732
898
496
568
173
596
724
503
878
835
891
460
536
247
842
869
774
809
337
3
624
982
205
404
690
235
674
812
923
348
17
933
655
419
892
151
