681
530
467
149
391
927
455
475
897
147
400
228
820
787
701
399
135
152
85
731
24
224
236
185
177
943
753
179
826
233
607
866
136
957
569
638
469
431
481
166
565
125
712
219
18
434
322
522
819
807
991
447
824
486
978
202
354
659
47
252
990
520
836
623
729
207
868
342
765
172
453
273
340
720
343
474
448
63
506
21
406
1
602
678
188
877
462
523
89
425
808
461
106
579
851
639
439
80
395
42
988
424
913
687
155
68
683
326
994
735
54
839
859
38
4
936
663
276
451
912
466
704
625
312
961
527
454
533
209
661
958
210
386
838
578
566
653
549
734
128
573
563
492
339
303
754
944
940
612
792
70
997
782
794
112
611
114
0
874
989
204
601
307
468
635
25
59
694
150
560
966
99
313
733
62
255
692
993
658
858
330
801
491
227
88
760
885
619
848
65
513
79
772
29
375
883
618
631
970
917
33
305
87
281
880
284
789
570
796
816
804
879
