537
302
407
400
239
622
63
883
130
355
436
381
156
108
75
277
664
298
352
539
513
659
114
367
169
431
653
151
113
229
189
990
884
248
326
142
748
498
851
648
64
753
69
894
179
897
617
193
740
695
199
466
16
324
185
211
281
531
669
47
340
453
357
164
561
621
858
285
924
588
707
150
618
652
51
614
43
469
6
309
805
39
396
577
700
378
46
712
317
927
358
524
836
297
869
201
671
689
690
183
177
65
80
101
514
933
636
133
612
4
417
260
439
856
291
440
641
709
721
37
834
295
333
935
999
296
425
611
26
736
511
457
660
984
698
719
964
265
968
951
27
233
53
522
272
78
418
481
42
336
270
857
991
967
575
781
988
839
290
870
206
913
961
44
505
574
686
594
160
640
207
257
371
38
242
713
424
675
354
644
975
107
21
715
946
658
995
791
896
465
473
263
375
665
977
311
509
391
673
237
875
597
463
971
777
623
254
879
949
356
140
52
271
904
796
682
566
102
959
287
224
590
176
649
654
320
