181
529
346
424
531
958
918
191
868
463
760
916
558
482
400
240
818
173
241
649
712
442
130
222
500
468
198
553
377
959
841
694
726
253
285
937
147
816
491
874
446
409
398
341
800
176
987
79
544
876
395
549
415
580
389
20
239
972
668
41
636
467
207
228
552
801
247
768
788
439
200
137
679
951
846
889
273
851
385
730
512
156
975
268
344
924
308
171
196
266
517
872
601
161
684
592
411
110
184
418
274
178
783
541
824
659
165
61
347
481
585
519
242
955
297
974
223
894
516
67
152
776
295
902
775
860
520
174
579
38
744
787
480
157
633
743
596
416
187
26
719
199
261
884
192
142
153
278
129
72
986
420
772
365
834
248
934
780
164
9
43
751
603
689
863
262
329
326
210
333
724
292
238
167
42
498
890
581
979
372
600
150
68
880
607
705
375
909
990
312
319
318
645
323
2
54
279
275
835
511
