31
89
648
118
122
844
803
56
38
923
217
853
219
598
133
244
753
708
373
709
297
104
147
816
164
946
68
747
996
238
966
760
420
624
710
991
572
661
560
226
513
395
860
327
128
665
912
554
740
845
944
917
890
207
581
867
821
387
209
705
597
17
774
916
231
52
910
223
627
973
270
776
588
716
617
730
720
692
384
953
371
960
695
378
634
301
157
796
396
714
304
883
317
483
712
826
159
156
652
335
599
228
623
492
626
290
169
907
72
530
216
409
980
436
537
249
582
501
293
79
455
429
587
873
398
34
123
508
299
274
134
836
236
152
336
577
498
245
165
563
189
955
201
975
58
453
727
468
346
810
680
754
432
832
808
472
722
155
385
64
18
330
529
927
29
602
369
713
490
237
794
250
109
261
988
40
100
859
222
196
203
431
421
787
39
658
