31
577
430
2
924
687
271
30
603
361
322
892
488
936
433
800
895
897
141
409
544
25
551
469
956
525
312
389
146
651
657
328
641
132
856
195
532
753
570
153
219
711
89
396
88
543
626
491
75
559
881
70
176
307
236
178
238
913
450
281
918
26
781
119
480
186
937
459
206
302
833
746
295
222
852
683
770
180
715
140
33
862
974
468
637
922
941
18
673
875
558
596
640
385
173
704
815
664
47
402
761
705
359
24
578
9
292
289
192
538
293
130
830
478
957
136
717
313
979
49
97
428
860
667
507
216
963
616
855
162
666
255
972
948
266
819
504
804
885
539
850
668
258
477
341
730
432
379
283
550
759
625
694
695
731
482
336
665
418
190
311
483
148
669
441
774
169
672
376
912
138
223
393
457
568
240
394
579
408
648
105
920
306
836
453
693
505
43
464
492
347
427
758
233
231
150
92
884
949
343
284
728
548
