698
616
507
317
590
622
58
408
418
504
190
955
347
730
352
189
664
7
218
755
396
536
458
818
987
925
780
457
270
76
438
414
930
821
544
420
834
526
311
980
524
615
746
509
419
433
617
992
49
641
336
460
541
126
722
700
187
613
786
74
705
657
163
268
656
429
366
799
51
766
52
327
374
44
41
795
370
191
271
36
3
443
865
542
134
390
572
846
306
717
963
294
781
684
911
614
515
195
586
256
702
184
571
410
226
867
401
842
213
502
672
667
53
437
9
559
489
50
495
81
810
742
110
105
539
873
881
225
748
926
592
649
901
243
13
497
67
388
131
144
850
371
441
756
505
200
154
8
899
882
983
383
931
364
709
844
651
762
46
933
548
922
484
487
261
337
977
910
537
215
480
757
884
341
