547
496
680
503
739
350
873
383
835
195
770
5
906
844
563
209
218
960
525
818
809
198
483
627
155
323
410
228
668
819
925
580
920
351
670
899
932
275
388
306
613
458
342
778
128
77
97
687
512
81
165
808
815
918
308
182
99
662
737
315
786
301
776
413
683
446
849
387
430
382
717
8
329
998
245
704
861
785
799
843
599
74
293
32
364
578
731
232
401
210
147
203
529
421
460
769
30
230
346
701
746
392
474
208
109
283
462
91
907
863
395
540
596
434
850
620
89
847
266
903
584
54
635
214
175
467
726
252
595
560
552
181
246
517
822
9
374
370
14
385
638
305
779
972
221
945
917
231
912
768
212
642
222
629
940
944
742
220
956
751
145
787
692
973
243
274
854
438
885
934
862
426
824
928
706
828
527
831
810
449
153
889
93
341
82
121
461
996
331
154
775
696
132
278
447
864
626
349
90
942
788
750
921
