55
267
778
656
546
64
728
898
862
374
671
574
333
170
766
73
387
599
660
34
47
38
420
277
370
977
140
729
103
544
252
338
846
492
211
912
56
815
870
523
48
164
928
243
937
981
531
758
208
944
518
818
628
482
143
890
215
125
986
198
425
105
916
489
290
116
89
499
281
636
710
303
811
119
118
158
131
804
773
368
443
865
954
188
419
203
271
172
736
287
107
524
446
816
177
417
535
808
568
984
351
223
854
604
927
270
454
743
921
709
389
182
139
355
259
326
434
476
123
608
896
858
365
802
800
317
560
627
124
788
859
239
320
860
681
817
838
324
963
360
161
358
484
820
914
264
551
313
932
964
216
592
279
919
309
807
537
152
36
