608
604
347
609
875
716
317
774
988
887
374
982
620
397
437
113
706
395
140
319
587
129
942
114
461
62
88
938
684
816
567
999
182
731
815
581
966
589
468
803
614
330
646
878
442
926
874
369
832
660
413
440
17
503
890
924
175
766
707
310
968
64
446
845
286
995
626
39
710
675
497
861
86
830
489
57
462
784
116
826
498
544
56
923
987
172
477
53
104
38
551
227
236
602
668
893
30
580
800
687
656
891
51
161
359
925
201
120
250
929
187
843
633
911
549
282
960
954
19
149
290
521
480
586
90
481
514
288
967
273
190
467
343
493
768
961
312
791
739
765
785
723
913
366
628
327
301
400
575
729
507
232
280
410
704
118
274
380
837
208
385
225
26
892
776
627
378
287
386
148
641
677
847
724
155
817
241
131
858
658
407
72
65
550
576
336
699
486
770
305
527
254
496
617
582
314
573
33
631
714
263
652
655
744
255
979
474
95
243
712
299
66
535
100
508
351
860
242
194
326
933
591
788
12
370
742
760
553
220
914
124
1
823
24
471
322
639
451
193
126
145
762
590
