577
741
74
631
322
281
584
520
225
535
576
551
680
940
152
636
705
351
276
453
47
743
657
128
98
702
640
349
678
789
901
134
869
331
835
694
569
43
387
992
752
115
677
168
311
761
363
695
490
436
30
515
731
25
445
730
13
963
733
337
231
841
950
296
370
443
517
155
208
167
732
262
722
199
384
81
629
849
623
20
366
468
139
505
478
832
609
237
508
772
96
44
275
466
726
903
118
278
279
368
583
760
222
313
314
809
378
736
890
783
861
973
827
383
870
779
263
200
995
352
39
787
140
926
602
768
132
465
329
871
491
834
431
17
666
596
909
604
526
442
966
316
885
766
836
718
983
990
724
380
778
448
59
303
42
516
826
15
645
899
770
131
675
748
555
545
793
389
488
213
210
294
14
864
850
186
910
968
372
917
4
399
255
527
960
418
342
393
120
858
270
717
819
522
821
377
449
114
630
938
240
563
284
467
758
308
353
409
224
18
233
661
924
97
388
782
7
264
188
8
433
580
381
513
642
723
289
205
125
774
649
658
201
553
514
