947
487
778
959
855
148
64
297
170
238
311
904
920
525
552
14
697
216
643
142
598
58
427
518
1
650
45
888
964
226
914
861
84
136
53
245
165
582
777
906
301
616
627
340
282
289
498
79
93
473
414
519
731
211
908
699
328
330
16
258
954
754
996
804
56
406
590
691
994
534
883
530
349
899
485
0
47
149
184
858
787
402
574
726
214
166
797
320
670
864
867
656
706
29
854
272
420
563
416
827
50
316
876
447
240
75
371
493
98
394
334
200
594
54
513
374
329
977
459
569
721
884
23
167
70
398
922
533
800
617
976
874
488
287
935
945
154
61
48
980
685
978
751
962
833
688
756
267
755
700
286
315
985
87
76
88
83
698
639
457
212
314
341
110
514
259
673
458
141
942
644
556
303
928
675
659
244
955
437
901
253
418
270
630
