261
350
523
19
251
64
917
583
754
114
373
472
204
663
466
982
587
81
834
125
894
342
331
798
15
375
267
775
977
618
304
269
978
755
203
846
843
934
565
752
209
580
574
213
900
62
259
515
42
842
416
622
561
899
514
643
723
8
649
944
41
32
142
953
520
72
113
111
923
337
851
470
151
608
117
510
154
74
199
581
611
813
493
997
788
889
703
739
939
857
34
724
405
733
540
859
404
629
429
585
128
188
655
864
713
277
993
983
13
840
586
614
264
3
782
670
700
848
325
535
952
17
59
524
198
738
310
600
332
90
185
607
727
76
52
968
205
107
334
519
554
742
887
194
498
678
315
707
896
497
29
534
869
425
873
131
650
407
197
364
108
809
960
23
699
553
344
274
226
512
810
451
817
847
401
224
743
71
835
552
566
475
447
