887
373
360
330
455
145
534
35
599
77
250
45
32
63
427
261
773
58
130
486
529
847
173
323
740
509
267
981
701
651
73
241
709
67
48
256
937
111
324
84
652
914
557
987
56
257
665
318
395
608
249
365
193
879
41
50
876
10
511
893
933
763
215
882
531
425
106
355
461
179
341
932
547
99
181
716
344
540
683
980
854
957
150
929
561
867
277
320
712
838
650
612
550
260
60
749
977
86
334
913
942
82
479
283
628
343
590
686
607
422
187
664
663
401
357
810
376
842
412
961
26
759
852
970
499
485
31
920
886
273
65
554
627
501
246
839
614
925
228
654
974
109
595
364
884
33
441
572
567
817
775
804
605
390
674
434
537
617
325
404
299
454
382
668
908
282
755
622
635
795
916
601
997
