691
753
532
252
494
583
539
203
839
554
692
504
458
941
767
844
656
444
766
417
453
131
339
944
727
590
317
394
606
777
374
445
652
849
298
195
615
669
472
189
612
431
460
738
40
737
657
162
160
234
284
830
572
426
449
441
923
731
911
608
965
842
95
380
45
49
48
640
280
5
27
622
671
715
779
699
437
963
322
100
807
230
183
98
922
50
755
638
202
180
853
193
821
12
542
895
488
399
886
59
103
475
711
29
567
525
823
296
595
92
540
427
14
331
206
682
757
570
566
794
650
900
665
588
995
448
782
729
190
127
838
233
342
236
910
680
357
158
661
802
109
237
870
101
408
259
15
84
120
115
429
361
403
953
856
627
64
432
620
33
613
948
466
589
135
869
366
578
992
833
209
47
967
283
917
300
798
524
605
745
949
17
231
364
667
151
422
277
117
555
39
473
774
688
358
102
208
936
363
537
639
862
845
759
852
291
25
226
22
136
919
309
507
106
980
991
718
177
124
530
651
337
865
290
736
392
882
545
708
244
455
182
584
461
369
837
0
267
393
