864
702
499
685
957
783
603
394
368
732
23
323
643
482
245
948
730
558
153
450
325
303
87
694
73
647
485
915
476
478
672
720
530
912
441
188
545
238
249
403
60
632
293
880
540
226
173
253
849
154
854
515
593
67
918
980
546
316
399
321
15
775
745
127
852
727
842
198
595
822
377
20
965
495
552
363
547
494
841
7
906
300
398
955
970
5
670
519
197
213
523
867
365
259
807
283
899
743
811
348
916
930
600
50
192
882
821
592
240
838
2
615
230
134
212
761
479
123
276
616
973
18
972
163
958
605
334
772
472
661
416
512
947
735
58
269
526
125
910
792
342
455
289
379
34
247
0
383
571
557
384
827
853
751
85
331
693
538
31
121
344
99
976
488
902
452
510
572
598
8
583
103
866
554
204
952
428
725
969
119
180
429
769
610
456
393
415
634
268
40
35
798
501
570
83
528
409
728
876
264
231
292
555
835
568
516
137
