675
597
360
732
968
805
632
156
688
359
931
922
58
35
50
970
448
71
234
251
814
418
902
734
744
41
115
405
699
630
161
796
53
45
172
95
531
992
288
442
92
227
661
355
52
43
654
37
292
96
490
963
884
782
112
72
727
226
149
705
250
178
841
477
118
36
591
714
319
255
57
530
745
80
684
919
76
481
725
119
677
207
369
488
857
190
402
6
619
741
98
868
417
935
129
375
397
723
872
947
783
846
686
767
941
372
652
623
908
473
493
905
969
70
886
606
327
980
85
763
541
424
235
508
422
268
982
881
738
666
755
472
715
565
416
713
38
345
15
300
122
400
576
621
282
697
967
186
361
321
513
735
694
299
869
880
816
568
455
237
656
491
484
336
204
160
628
453
106
189
386
724
679
649
464
583
270
958
314
501
534
