692
654
585
662
914
682
297
628
10
137
927
920
754
521
452
469
603
530
5
969
898
883
588
416
483
335
907
258
365
496
288
939
305
967
878
612
473
875
300
172
197
304
511
812
229
79
991
897
280
291
934
459
356
35
998
162
686
373
108
936
93
0
12
310
552
798
578
932
734
579
785
148
847
474
788
889
510
269
982
147
775
40
78
997
407
476
375
533
274
481
432
979
180
817
86
964
287
962
22
290
676
319
800
479
943
566
744
34
984
344
31
947
607
101
912
777
71
75
369
750
941
949
257
679
178
135
921
499
397
354
251
725
618
117
605
171
182
426
32
904
638
627
45
593
455
845
376
620
89
360
953
367
710
594
549
242
727
595
714
568
212
728
95
119
91
209
707
689
129
699
37
318
860
145
575
90
900
805
574
113
417
272
691
146
500
82
159
38
854
621
942
232
494
868
283
293
771
919
142
234
77
84
981
624
486
945
