90
973
948
117
850
950
305
435
482
856
438
319
839
992
138
478
824
461
918
671
761
195
522
5
227
91
348
283
694
818
322
13
388
602
925
834
941
730
265
121
476
528
81
106
558
987
840
221
666
338
466
74
181
897
968
189
222
651
464
470
932
302
889
82
763
431
436
331
790
832
112
474
359
43
497
923
10
988
793
886
279
848
565
550
683
769
174
545
290
375
887
122
22
573
967
321
866
105
363
483
712
266
919
637
851
135
969
233
680
895
611
747
963
648
101
451
66
852
543
125
425
344
966
337
424
484
939
208
660
130
835
188
192
749
294
984
288
175
118
157
723
517
587
668
846
823
536
502
205
239
199
781
197
140
241
313
31
657
600
434
665
692
156
956
585
44
561
951
979
160
400
599
767
902
570
33
509
805
187
358
792
262
295
812
873
481
506
41
929
560
180
246
905
701
715
595
220
982
143
68
324
257
799
173
891
591
298
909
472
505
49
702
232
51
383
401
410
62
862
672
633
716
248
965
12
642
815
368
719
309
664
39
163
915
829
417
2
684
571
109
111
596
219
937
177
