281
377
760
576
483
447
478
411
272
81
723
301
520
719
479
979
749
330
416
748
294
942
313
421
88
534
26
509
573
249
175
659
742
787
397
324
701
227
982
859
239
561
990
902
724
207
258
743
772
536
761
156
119
450
931
571
904
776
93
36
66
533
854
245
587
831
832
18
351
62
232
413
349
505
292
356
741
295
843
105
972
951
649
834
819
74
368
404
633
903
898
864
560
643
164
303
451
994
438
558
214
132
686
341
751
803
518
159
310
401
327
551
888
389
596
55
889
285
599
142
579
905
929
791
769
568
582
706
550
497
826
129
335
897
405
593
764
254
564
96
921
616
517
728
67
146
474
462
80
69
241
263
943
382
602
740
825
885
788
171
384
76
891
927
499
848
968
820
987
716
964
318
690
77
362
365
138
434
926
503
383
814
