996
679
277
659
963
415
993
154
985
382
536
853
96
491
556
341
548
902
588
570
777
937
829
690
840
825
986
736
387
61
664
720
266
650
328
886
797
3
484
906
27
863
759
205
244
880
619
569
753
93
97
597
930
888
919
258
180
708
262
700
363
361
824
709
256
335
808
945
579
702
931
345
308
583
758
516
465
89
303
584
186
511
761
895
820
810
643
755
170
479
885
217
421
306
688
432
976
133
146
721
360
447
616
718
157
321
778
518
571
406
111
756
939
11
168
502
4
957
267
905
105
309
483
275
970
464
779
492
522
316
846
932
425
557
809
850
751
799
998
376
450
109
501
285
506
75
734
358
949
965
715
978
178
349
482
449
833
767
130
870
542
436
962
964
554
297
80
246
782
